Species,Algal_Infection,Algal_overgrowth,Black_band_disease,Bleaching,Ciliates,Corallophila_huysmansii,Cyanobacteria,Discoloration,Endolithic_fungal_infection,Endolithic_hypermycosis,Gear_entanglement,Growth_anomalies,Macroalgal_overgrowth,No_Disease,Pigmentation_response,Predation,Recently_denuded_skeleton,Swollen_patches,Tissue_Loss,Trematodiasis,White_Syndrome
Acropora_cytherea,0,0.016073478760046,0,0.035017221584386,0,0,0.001722158438576,0.003444316877153,0,0,0,0.013777267508611,0.001148105625718,0.897244546498278,0.001722158438576,0.001722158438576,0.001148105625718,0,0.02353616532721,0,0.003444316877153
Acropora_humilis,0,0,0,0.166666666666667,0,0,0,0,0,0,0,0,0,0.833333333333333,0,0,0,0,0,0,0
Acropora_nasuta,0,0.428571428571429,0,0,0,0,0,0,0,0,0,0,0,0.571428571428571,0,0,0,0,0,0,0
Acropora_paniculata,0,0,0,0,0,0,0,0,0,0,0,0,0,0.91304347826087,0.043478260869565,0.043478260869565,0,0,0,0,0
Acropora_valida,0,0,0,0,0,0,0,0,0,0,0,0,0,1,0,0,0,0,0,0,0
Cirrhipathes_anguina,0,0,0,0,0,0,0,0,0,0,0,0,0,1,0,0,0,0,0,0,0
Cycloseris_vaughani,0,0.005780346820809,0,0.023121387283237,0,0,0,0,0,0,0,0,0,0.971098265895954,0,0,0,0,0,0,0
Cyphastrea_agassizi,0,0,0,0,0,0,0,0,0,0,0,0,0,1,0,0,0,0,0,0,0
Cyphastrea_ocellina,0,0.012674271229404,0,0.299112801013942,0,0,0,0.02788339670469,0,0,0,0,0.00126742712294,0.657794676806084,0.00126742712294,0,0,0,0,0,0
Fungia_granulosa,0,0.05,0,0.05,0,0,0,0,0,0,0,0,0,0.9,0,0,0,0,0,0,0
Fungia_scutaria,0,0.003502626970228,0,0.038528896672504,0,0,0,0.003502626970228,0,0,0,0.003502626970228,0,0.942206654991244,0,0.003502626970228,0,0,0.005253940455342,0,0
Fungia_sp.,0,0,0,0,0,0,0,0,0,0,0,0,0,1,0,0,0,0,0,0,0
Gardineroseris_planulata,0,0,0,0,0,0,0,0,0,0,0,0,0,1,0,0,0,0,0,0,0
Leptastrea_bewickensis,0,0,0,0.045307443365696,0,0,0,0,0,0,0,0,0.004854368932039,0.949838187702265,0,0,0,0,0,0,0
Leptastrea_pruinosa,0,0,0,0,0,0,0,0,0,0,0,0,0,1,0,0,0,0,0,0,0
Leptastrea_purpurea,0,0.023972602739726,0,0.087328767123288,0,0,0,0,0,0,0,0.001712328767123,0.003424657534247,0.88013698630137,0.003424657534247,0,0,0,0,0,0
Leptastrea_sp.,0,0,0,0,0,0,0,0,0,0,0,0,0,1,0,0,0,0,0,0,0
Leptastrea_transversa,0,0.018518518518519,0,0.055555555555556,0,0,0,0,0,0,0,0,0,0.925925925925926,0,0,0,0,0,0,0
Leptoseris_incrustans,0,0,0,0,0,0,0,0,0,0,0,0,0,1,0,0,0,0,0,0,0
Leptoseris_mycetoseroides,0,0,0,0,0,0,0,0,0,0,0,0,0,1,0,0,0,0,0,0,0
Leptoseris_papyracea,0,0,0,0,0,0,0,0,0,0,0,0,0,1,0,0,0,0,0,0,0
Leptoseris_tubulifera,0,0,0,0,0,0,0,0,0,0,0,0,0,1,0,0,0,0,0,0,0
Montipora_capitata,0.000235921819139,0.004010670925358,0.003883636099668,0.053282035460864,1.81478322414388E-05,0,0.000272217483622,0.00214144420449,0,0,0,0.00277661833294,0.000617026296209,0.909551204108669,0.000163330490173,0.001234052592418,0,0,0.014028274322632,0,0.007785420031577
Montipora_dilitata,0,0,0,0.742857142857143,0,0,0,0,0,0,0,0,0,0.021428571428572,0,0,0,0,0.235714285714286,0,0
Montipora_ehrenbergi,0,0,0,0,0,0,0,0,0,0,0,0,0,1,0,0,0,0,0,0,0
Montipora_flabellata,0.00083857442348,0.004472396925227,0.000139762403913,0.260097833682739,0,0,0,0.0041928721174,0,0,0,0.00125786163522,0.00125786163522,0.718937805730259,0,0.00167714884696,0,0,0.006149545772187,0,0.000978336827393
Montipora_incrassata,0,0.00561797752809,0,0.129213483146067,0,0,0,0,0,0,0,0,0,0.859550561797753,0,0.00561797752809,0,0,0,0,0
Montipora_patula,0.000327677856259,0.000546129760431,0.001128668171558,0.034697444112721,0,0,0,0.005461297604311,0.000182043253477,0,0,0.002621422850069,0.000800990315299,0.946078788320105,0.000546129760431,0.00182043253477,0,0,0.003313187213282,0,0.002475788247288
Montipora_sp.,0,0,0,0.875,0,0,0,0,0,0,0,0.125,0,0,0,0,0,0,0,0,0
Montipora_studeri,0,0,0,0,0,0,0,0,0,0,0,0,0,1,0,0,0,0,0,0,0
Montipora_tuberculosa,0,0,0,0,0,0,0,0,0,0,0,0,0,1,0,0,0,0,0,0,0
Montipora_verrilli,0,0,0,0,0,0,0,0,0,0,0,0,0,1,0,0,0,0,0,0,0
Palythoa_caesia,0,0,0,0,0,0,0,0,0,0,0,0,0,1,0,0,0,0,0,0,0
Palythoa_sp.,0,0,0,0.045454545454546,0,0,0,0,0,0,0,0,0,0.950757575757576,0,0,0,0,0.003787878787879,0,0
Pavona_chiriquiensis,0,0,0,0,0,0,0,0,0,0,0,0,0,1,0,0,0,0,0,0,0
Pavona_clavus,0,0,0,0,0,0,0,0,0,0,0,0,0,1,0,0,0,0,0,0,0
Pavona_duerdeni,0.001476014760148,0.026568265682657,0,0.007380073800738,0,0,0,0,0,0,0,0.002214022140221,0.017712177121771,0.91660516605166,0.001476014760148,0.019188191881919,0.000738007380074,0,0.00590405904059,0.000738007380074,0
Pavona_maldivensis,0,0.005063291139241,0,0.151898734177215,0,0,0,0,0,0,0,0,0,0.843037974683544,0,0,0,0,0,0,0
Pavona_sp.,0,0,0,0,0,0,0,0,0,0,0,0,0,1,0,0,0,0,0,0,0
Pavona_varians,0.000749484729249,0.005246393104741,0,0.005995877833989,0,0,0,0.000374742364624,0.004496908375492,0.009930672662545,0,0.000749484729249,0.004496908375492,0.962338392355256,0,0.003934794828555,0,0,0.001311598276185,0.000374742364624,0
Pocillopora_capitata,0,0,0,0,0,0,0,0,0,0,0,0,0,0,0,0,0,0,1,0,0
Pocillopora_damicornis,0,0.003835826620637,0,0.142692750287687,0,0,0,0.002685078634446,0,0,0,0,0.001917913310318,0.834292289988492,0,0.006520905255082,0,0,0.008055235903337,0,0
Pocillopora_eydouxi,0,0.001160092807425,0,0.014501160092808,0,0,0,0.000580046403712,0.000580046403712,0,0,0,0.000580046403712,0.978538283062645,0,0.001160092807425,0,0,0.002900232018561,0,0
Pocillopora_ligulata,0,0.04249547920434,0,0.232368896925859,0,0,0,0.003616636528029,0,0,0,0.000904159132007,0.003616636528029,0.602169981916817,0.003616636528029,0.090415913200723,0,0,0.020795660036166,0,0
Pocillopora_meandrina,0.000484985652508,0.010346360586833,0,0.009295558339732,0.001091217718143,0,4.0415471042315E-05,0.000889140362931,8.083094208463E-05,0,4.0415471042315E-05,0.000202077355212,0.00262700561775,0.960392838378531,0.000242492826254,0.008366002505759,4.0415471042315E-05,4.0415471042315E-05,0.005577335003839,0.000242492826254,0
Pocillopora_molokensis,0,0,0,0,0,0,0,0,0,0,0,0,0,0.966666666666667,0,0.033333333333333,0,0,0,0,0
Pocillopora_sp.,0,0,0,0.6,0,0,0,0.2,0,0,0,0,0,0.1,0,0,0,0,0.1,0,0
Porites_annae,0,0.082644628099174,0,0.008264462809917,0,0,0,0,0,0,0,0.090909090909091,0.008264462809917,0.636363636363636,0.049586776859504,0.03305785123967,0,0.008264462809917,0.008264462809917,0.074380165289256,0
Porites_bernardi,0,0,0,0.155963302752294,0,0,0,0,0,0,0,0.009174311926606,0,0.81651376146789,0,0,0,0,0.018348623853211,0,0
Porites_brighami,0.001287001287001,0.005148005148005,0,0.037323037323037,0,0,0,0.014157014157014,0,0,0,0.122265122265122,0.001287001287001,0.755469755469755,0,0,0,0,0.016731016731017,0.046332046332046,0
Porites_compressa,0.003459030337397,0.029515168698611,0,0.006833002551744,0.000198468953785,8.50581230507514E-05,0,0.00150269350723,0.000113410830734,0,0,0.05324638502977,0.005330309044514,0.819875248086192,0.00640771193649,0.005528777998299,0,0.000311879784519,0.016359512333428,0.051204990076552,2.83527076835838E-05
Porites_duerdeni,0,0.06989247311828,0,0.146505376344086,0,0,0,0.020161290322581,0,0,0,0.005376344086022,0,0.698924731182796,0.024193548387097,0.014784946236559,0,0,0.014784946236559,0.005376344086022,0
Porites_evermanni,0.011732229123534,0.051069703243616,0,0.011387163561077,0,0.002760524499655,0,0.008626639061422,0.000345065562457,0,0,0.038302277432712,0.008971704623879,0.768461007591442,0.020358868184955,0.014147688060732,0,0.000345065562457,0.021048999309869,0.042443064182195,0
Porites_lichen,0,0.034120734908137,0,0.047244094488189,0,0,0,0.006999125109361,0,0,0,0.006561679790026,0.00174978127734,0.78915135608049,0.028871391076116,0.010498687664042,0,0,0.038057742782152,0.036745406824147,0
Porites_lobata,0.002725546339208,0.05599669392213,0,0.00472296838563,0.000137753244581,0.000403420216273,0,0.009072035107398,0.001397211480749,5.90371048203796E-05,0,0.067410534187404,0.005293660398894,0.740699196111423,0.028613316802944,0.010577481280318,0.000108234692171,0.002046619633773,0.010016628784524,0.060719662307761,0
Porites_lutea,0.003676470588235,0.125,0,0.007352941176471,0,0,0,0.003676470588235,0,0,0,0.007352941176471,0,0.691176470588235,0.047794117647059,0.047794117647059,0,0,0.058823529411765,0.007352941176471,0
Porites_monticulosa,0,0.057471264367816,0,0.172413793103448,0,0,0,0,0,0,0,0.045977011494253,0,0.574712643678161,0.103448275862069,0.03448275862069,0,0,0.011494252873563,0,0
Porites_rus,0.016,0.008,0,0,0,0,0,0.008,0,0,0,0.008,0,0.8,0.136,0.008,0,0,0.016,0,0
Porites_solida,0.048076923076923,0.105769230769231,0,0,0,0,0,0.009615384615385,0.009615384615385,0,0,0,0,0.692307692307692,0.086538461538462,0.009615384615385,0,0,0.028846153846154,0.009615384615385,0
Porites_sp.,0,0,0,0.08,0,0,0,0,0,0,0,0.8,0,0,0,0,0,0,0.12,0,0
Psammocora_digitata,0,0,0,0,0,0,0,0,0,0,0,0,0,1,0,0,0,0,0,0,0
Psammocora_haimeana,0.009708737864078,0.009708737864078,0,0.009708737864078,0,0,0,0,0,0,0,0,0,0.970873786407767,0,0,0,0,0,0,0
Psammocora_nierstraszi,0,0.014925373134328,0,0,0,0,0,0.014925373134328,0,0,0,0,0,0.970149253731343,0,0,0,0,0,0,0
Psammocora_stellata,0,0.068522483940043,0,0.096359743040685,0,0,0,0,0,0,0,0,0,0.82441113490364,0.004282655246253,0.006423982869379,0,0,0,0,0
Sarcothelia_edmondsoni,0,0,0,0,0,0,0,0,0,0,0,0,0,1,0,0,0,0,0,0,0
Sinularia_densa,0,0,0,0,0,0,0,0,0,0,0,0,0,1,0,0,0,0,0,0,0
Sponge,0,0,0,0,0,0,0,0,0,0,0,0,0,1,0,0,0,0,0,0,0
Zoanthus/Palythoa_sp.,0,0,0,0,0,0,0,0,0,0,0,0,0,1,0,0,0,0,0,0,0
