Species	Algal_Infection	Algal_overgrowth	Black_band_disease	Bleaching	Ciliates	Corallophila_huysmansii	Cyanobacteria	Discoloration	Endolithic_fungal_infection	Endolithic_hypermycosis	Gear_entanglement	Growth_anomalies	Macroalgal_overgrowth	No_Disease	Pigmentation_response	Predation	Recently_denuded_skeleton	Swollen_patches	Tissue_Loss	Trematodiasis	White_Syndrome
Acropora_cytherea	0.0	0.016073478760045924	0.0	0.03501722158438576	0.0	0.0	0.001722158438576349	0.003444316877152698	0.0	0.0	0.0	0.013777267508610792	0.001148105625717566	0.8972445464982779	0.001722158438576349	0.001722158438576349	0.001148105625717566	0.0	0.023536165327210104	0.0	0.003444316877152698
Acropora_humilis	0.0	0.0	0.0	0.16666666666666666	0.0	0.0	0.0	0.0	0.0	0.0	0.0	0.0	0.0	0.8333333333333334	0.0	0.0	0.0	0.0	0.0	0.0	0.0
Acropora_nasuta	0.0	0.42857142857142855	0.0	0.0	0.0	0.0	0.0	0.0	0.0	0.0	0.0	0.0	0.0	0.5714285714285714	0.0	0.0	0.0	0.0	0.0	0.0	0.0
Acropora_paniculata	0.0	0.0	0.0	0.0	0.0	0.0	0.0	0.0	0.0	0.0	0.0	0.0	0.0	0.9130434782608695	0.043478260869565216	0.043478260869565216	0.0	0.0	0.0	0.0	0.0
Acropora_valida	0.0	0.0	0.0	0.0	0.0	0.0	0.0	0.0	0.0	0.0	0.0	0.0	0.0	1.0	0.0	0.0	0.0	0.0	0.0	0.0	0.0
Cirrhipathes_anguina	0.0	0.0	0.0	0.0	0.0	0.0	0.0	0.0	0.0	0.0	0.0	0.0	0.0	1.0	0.0	0.0	0.0	0.0	0.0	0.0	0.0
Cycloseris_vaughani	0.0	0.005780346820809248	0.0	0.023121387283236993	0.0	0.0	0.0	0.0	0.0	0.0	0.0	0.0	0.0	0.9710982658959537	0.0	0.0	0.0	0.0	0.0	0.0	0.0
Cyphastrea_agassizi	0.0	0.0	0.0	0.0	0.0	0.0	0.0	0.0	0.0	0.0	0.0	0.0	0.0	1.0	0.0	0.0	0.0	0.0	0.0	0.0	0.0
Cyphastrea_ocellina	0.0	0.012674271229404309	0.0	0.2991128010139417	0.0	0.0	0.0	0.02788339670468948	0.0	0.0	0.0	0.0	0.0012674271229404308	0.6577946768060836	0.0012674271229404308	0.0	0.0	0.0	0.0	0.0	0.0
Fungia_granulosa	0.0	0.05	0.0	0.05	0.0	0.0	0.0	0.0	0.0	0.0	0.0	0.0	0.0	0.9	0.0	0.0	0.0	0.0	0.0	0.0	0.0
Fungia_scutaria	0.0	0.0035026269702276708	0.0	0.03852889667250438	0.0	0.0	0.0	0.0035026269702276708	0.0	0.0	0.0	0.0035026269702276708	0.0	0.9422066549912435	0.0	0.0035026269702276708	0.0	0.0	0.005253940455341506	0.0	0.0
Fungia_sp.	0.0	0.0	0.0	0.0	0.0	0.0	0.0	0.0	0.0	0.0	0.0	0.0	0.0	1.0	0.0	0.0	0.0	0.0	0.0	0.0	0.0
Gardineroseris_planulata	0.0	0.0	0.0	0.0	0.0	0.0	0.0	0.0	0.0	0.0	0.0	0.0	0.0	1.0	0.0	0.0	0.0	0.0	0.0	0.0	0.0
Leptastrea_bewickensis	0.0	0.0	0.0	0.045307443365695796	0.0	0.0	0.0	0.0	0.0	0.0	0.0	0.0	0.0048543689320388345	0.9498381877022654	0.0	0.0	0.0	0.0	0.0	0.0	0.0
Leptastrea_pruinosa	0.0	0.0	0.0	0.0	0.0	0.0	0.0	0.0	0.0	0.0	0.0	0.0	0.0	1.0	0.0	0.0	0.0	0.0	0.0	0.0	0.0
Leptastrea_purpurea	0.0	0.023972602739726026	0.0	0.08732876712328767	0.0	0.0	0.0	0.0	0.0	0.0	0.0	0.0017123287671232876	0.003424657534246575	0.8801369863013698	0.003424657534246575	0.0	0.0	0.0	0.0	0.0	0.0
Leptastrea_sp.	0.0	0.0	0.0	0.0	0.0	0.0	0.0	0.0	0.0	0.0	0.0	0.0	0.0	1.0	0.0	0.0	0.0	0.0	0.0	0.0	0.0
Leptastrea_transversa	0.0	0.018518518518518517	0.0	0.05555555555555555	0.0	0.0	0.0	0.0	0.0	0.0	0.0	0.0	0.0	0.9259259259259259	0.0	0.0	0.0	0.0	0.0	0.0	0.0
Leptoseris_incrustans	0.0	0.0	0.0	0.0	0.0	0.0	0.0	0.0	0.0	0.0	0.0	0.0	0.0	1.0	0.0	0.0	0.0	0.0	0.0	0.0	0.0
Leptoseris_mycetoseroides	0.0	0.0	0.0	0.0	0.0	0.0	0.0	0.0	0.0	0.0	0.0	0.0	0.0	1.0	0.0	0.0	0.0	0.0	0.0	0.0	0.0
Leptoseris_papyracea	0.0	0.0	0.0	0.0	0.0	0.0	0.0	0.0	0.0	0.0	0.0	0.0	0.0	1.0	0.0	0.0	0.0	0.0	0.0	0.0	0.0
Leptoseris_tubulifera	0.0	0.0	0.0	0.0	0.0	0.0	0.0	0.0	0.0	0.0	0.0	0.0	0.0	1.0	0.0	0.0	0.0	0.0	0.0	0.0	0.0
Montipora_capitata	0.00023592181913870388	0.004010670925357966	0.003883636099667895	0.0532820354608642	1.814783224143876e-05	0.0	0.0002722174836215814	0.002141444204489774	0.0	0.0	0.0	0.00277661833294013	0.0006170262962089179	0.9095512041086692	0.00016333049017294883	0.0012340525924178357	0.0	0.0	0.014028274322632161	0.0	0.007785420031577228
Montipora_dilitata	0.0	0.0	0.0	0.7428571428571429	0.0	0.0	0.0	0.0	0.0	0.0	0.0	0.0	0.0	0.02142857142857143	0.0	0.0	0.0	0.0	0.2357142857142857	0.0	0.0
Montipora_ehrenbergi	0.0	0.0	0.0	0.0	0.0	0.0	0.0	0.0	0.0	0.0	0.0	0.0	0.0	1.0	0.0	0.0	0.0	0.0	0.0	0.0	0.0
Montipora_flabellata	0.0008385744234800838	0.004472396925227114	0.0001397624039133473	0.26009783368273937	0.0	0.0	0.0	0.0041928721174004195	0.0	0.0	0.0	0.0012578616352201257	0.0012578616352201257	0.7189378057302586	0.0	0.0016771488469601676	0.0	0.0	0.006149545772187281	0.0	0.0009783368273934311
Montipora_incrassata	0.0	0.0056179775280898875	0.0	0.12921348314606743	0.0	0.0	0.0	0.0	0.0	0.0	0.0	0.0	0.0	0.8595505617977528	0.0	0.0056179775280898875	0.0	0.0	0.0	0.0	0.0
Montipora_patula	0.00032767785625864706	0.0005461297604310785	0.001128668171557562	0.03469744411272118	0.0	0.0	0.0	0.005461297604310784	0.00018204325347702613	0.0	0.0	0.0026214228500691765	0.000800990315298915	0.9460787883201048	0.0005461297604310785	0.0018204325347702614	0.0	0.0	0.0033131872132818757	0.0	0.0024757882472875555
Montipora_sp.	0.0	0.0	0.0	0.875	0.0	0.0	0.0	0.0	0.0	0.0	0.0	0.125	0.0	0.0	0.0	0.0	0.0	0.0	0.0	0.0	0.0
Montipora_studeri	0.0	0.0	0.0	0.0	0.0	0.0	0.0	0.0	0.0	0.0	0.0	0.0	0.0	1.0	0.0	0.0	0.0	0.0	0.0	0.0	0.0
Montipora_tuberculosa	0.0	0.0	0.0	0.0	0.0	0.0	0.0	0.0	0.0	0.0	0.0	0.0	0.0	1.0	0.0	0.0	0.0	0.0	0.0	0.0	0.0
Montipora_verrilli	0.0	0.0	0.0	0.0	0.0	0.0	0.0	0.0	0.0	0.0	0.0	0.0	0.0	1.0	0.0	0.0	0.0	0.0	0.0	0.0	0.0
Palythoa_caesia	0.0	0.0	0.0	0.0	0.0	0.0	0.0	0.0	0.0	0.0	0.0	0.0	0.0	1.0	0.0	0.0	0.0	0.0	0.0	0.0	0.0
Palythoa_sp.	0.0	0.0	0.0	0.045454545454545456	0.0	0.0	0.0	0.0	0.0	0.0	0.0	0.0	0.0	0.9507575757575758	0.0	0.0	0.0	0.0	0.003787878787878788	0.0	0.0
Pavona_chiriquiensis	0.0	0.0	0.0	0.0	0.0	0.0	0.0	0.0	0.0	0.0	0.0	0.0	0.0	1.0	0.0	0.0	0.0	0.0	0.0	0.0	0.0
Pavona_clavus	0.0	0.0	0.0	0.0	0.0	0.0	0.0	0.0	0.0	0.0	0.0	0.0	0.0	1.0	0.0	0.0	0.0	0.0	0.0	0.0	0.0
Pavona_duerdeni	0.0014760147601476014	0.026568265682656828	0.0	0.007380073800738007	0.0	0.0	0.0	0.0	0.0	0.0	0.0	0.002214022140221402	0.017712177121771217	0.9166051660516605	0.0014760147601476014	0.01918819188191882	0.0007380073800738007	0.0	0.005904059040590406	0.0007380073800738007	0.0
Pavona_maldivensis	0.0	0.005063291139240506	0.0	0.1518987341772152	0.0	0.0	0.0	0.0	0.0	0.0	0.0	0.0	0.0	0.8430379746835444	0.0	0.0	0.0	0.0	0.0	0.0	0.0
Pavona_sp.	0.0	0.0	0.0	0.0	0.0	0.0	0.0	0.0	0.0	0.0	0.0	0.0	0.0	1.0	0.0	0.0	0.0	0.0	0.0	0.0	0.0
Pavona_varians	0.0007494847292486415	0.005246393104740491	0.0	0.005995877833989132	0.0	0.0	0.0	0.00037474236462432077	0.004496908375491849	0.0099306726625445	0.0	0.0007494847292486415	0.004496908375491849	0.9623383923552558	0.0	0.0039347948285553686	0.0	0.0	0.0013115982761851227	0.00037474236462432077	0.0
Pocillopora_capitata	0.0	0.0	0.0	0.0	0.0	0.0	0.0	0.0	0.0	0.0	0.0	0.0	0.0	0.0	0.0	0.0	0.0	0.0	1.0	0.0	0.0
Pocillopora_damicornis	0.0	0.0038358266206367474	0.0	0.142692750287687	0.0	0.0	0.0	0.002685078634445723	0.0	0.0	0.0	0.0	0.0019179133103183737	0.8342922899884925	0.0	0.00652090525508247	0.0	0.0	0.00805523590333717	0.0	0.0
Pocillopora_eydouxi	0.0	0.001160092807424594	0.0	0.014501160092807424	0.0	0.0	0.0	0.000580046403712297	0.000580046403712297	0.0	0.0	0.0	0.000580046403712297	0.978538283062645	0.0	0.001160092807424594	0.0	0.0	0.002900232018561485	0.0	0.0
Pocillopora_ligulata	0.0	0.042495479204339964	0.0	0.23236889692585896	0.0	0.0	0.0	0.003616636528028933	0.0	0.0	0.0	0.0009041591320072332	0.003616636528028933	0.6021699819168174	0.003616636528028933	0.09041591320072333	0.0	0.0	0.020795660036166366	0.0	0.0
Pocillopora_meandrina	0.00048498565250777996	0.01034636058683264	0.0	0.00929555833973245	0.001091217718142505	0.0	4.0415471042315e-05	0.00088914036293093	8.083094208463e-05	0.0	4.0415471042315e-05	0.000202077355211575	0.002627005617750475	0.9603928383785313	0.00024249282625388998	0.008366002505759204	4.0415471042315e-05	4.0415471042315e-05	0.00557733500383947	0.00024249282625388998	0.0
Pocillopora_molokensis	0.0	0.0	0.0	0.0	0.0	0.0	0.0	0.0	0.0	0.0	0.0	0.0	0.0	0.9666666666666667	0.0	0.03333333333333333	0.0	0.0	0.0	0.0	0.0
Pocillopora_sp.	0.0	0.0	0.0	0.6	0.0	0.0	0.0	0.2	0.0	0.0	0.0	0.0	0.0	0.1	0.0	0.0	0.0	0.0	0.1	0.0	0.0
Porites_annae	0.0	0.08264462809917356	0.0	0.008264462809917356	0.0	0.0	0.0	0.0	0.0	0.0	0.0	0.09090909090909091	0.008264462809917356	0.6363636363636364	0.049586776859504134	0.03305785123966942	0.0	0.008264462809917356	0.008264462809917356	0.0743801652892562	0.0
Porites_bernardi	0.0	0.0	0.0	0.1559633027522936	0.0	0.0	0.0	0.0	0.0	0.0	0.0	0.009174311926605505	0.0	0.8165137614678899	0.0	0.0	0.0	0.0	0.01834862385321101	0.0	0.0
Porites_brighami	0.001287001287001287	0.005148005148005148	0.0	0.03732303732303732	0.0	0.0	0.0	0.014157014157014158	0.0	0.0	0.0	0.12226512226512226	0.001287001287001287	0.7554697554697555	0.0	0.0	0.0	0.0	0.01673101673101673	0.04633204633204633	0.0
Porites_compressa	0.0034590303373972214	0.029515168698610716	0.0	0.006833002551743692	0.00019846895378508649	8.505812305075135e-05	0.0	0.0015026935072299404	0.00011341083073433512	0.0	0.0	0.053246385029770346	0.005330309044513751	0.8198752480861923	0.006407711936489935	0.005528777998298837	0.0	0.0003118797845194216	0.016359512333427844	0.05120499007655231	2.835270768358378e-05
Porites_duerdeni	0.0	0.06989247311827956	0.0	0.14650537634408603	0.0	0.0	0.0	0.020161290322580645	0.0	0.0	0.0	0.005376344086021506	0.0	0.6989247311827957	0.024193548387096774	0.01478494623655914	0.0	0.0	0.01478494623655914	0.005376344086021506	0.0
Porites_evermanni	0.011732229123533472	0.05106970324361629	0.0	0.011387163561076604	0.0	0.0027605244996549345	0.0	0.00862663906142167	0.0003450655624568668	0.0	0.0	0.038302277432712216	0.008971704623878536	0.7684610075914424	0.02035886818495514	0.014147688060731538	0.0	0.0003450655624568668	0.021048999309868876	0.042443064182194616	0.0
Porites_lichen	0.0	0.03412073490813648	0.0	0.047244094488188976	0.0	0.0	0.0	0.00699912510936133	0.0	0.0	0.0	0.006561679790026247	0.0017497812773403325	0.7891513560804899	0.028871391076115485	0.010498687664041995	0.0	0.0	0.03805774278215223	0.03674540682414698	0.0
Porites_lobata	0.002725546339207525	0.05599669392213006	0.0	0.004722968385630369	0.00013775324458088574	0.000403420216272594	0.0	0.009072035107398332	0.001397211480748984	5.903710482037961e-05	0.0	0.06741053418740345	0.005293660398894038	0.7406991961114227	0.028613316802943985	0.010577481280318013	0.00010823469217069594	0.0020466196337731598	0.010016628784524407	0.06071966230776043	0.0
Porites_lutea	0.003676470588235294	0.125	0.0	0.007352941176470588	0.0	0.0	0.0	0.003676470588235294	0.0	0.0	0.0	0.007352941176470588	0.0	0.6911764705882353	0.04779411764705882	0.04779411764705882	0.0	0.0	0.058823529411764705	0.007352941176470588	0.0
Porites_monticulosa	0.0	0.05747126436781609	0.0	0.1724137931034483	0.0	0.0	0.0	0.0	0.0	0.0	0.0	0.04597701149425287	0.0	0.5747126436781609	0.10344827586206896	0.034482758620689655	0.0	0.0	0.011494252873563218	0.0	0.0
Porites_rus	0.016	0.008	0.0	0.0	0.0	0.0	0.0	0.008	0.0	0.0	0.0	0.008	0.0	0.8	0.136	0.008	0.0	0.0	0.016	0.0	0.0
Porites_solida	0.04807692307692308	0.10576923076923077	0.0	0.0	0.0	0.0	0.0	0.009615384615384616	0.009615384615384616	0.0	0.0	0.0	0.0	0.6923076923076923	0.08653846153846154	0.009615384615384616	0.0	0.0	0.028846153846153848	0.009615384615384616	0.0
Porites_sp.	0.0	0.0	0.0	0.08	0.0	0.0	0.0	0.0	0.0	0.0	0.0	0.8	0.0	0.0	0.0	0.0	0.0	0.0	0.12	0.0	0.0
Psammocora_digitata	0.0	0.0	0.0	0.0	0.0	0.0	0.0	0.0	0.0	0.0	0.0	0.0	0.0	1.0	0.0	0.0	0.0	0.0	0.0	0.0	0.0
Psammocora_haimeana	0.009708737864077669	0.009708737864077669	0.0	0.009708737864077669	0.0	0.0	0.0	0.0	0.0	0.0	0.0	0.0	0.0	0.970873786407767	0.0	0.0	0.0	0.0	0.0	0.0	0.0
Psammocora_nierstraszi	0.0	0.014925373134328358	0.0	0.0	0.0	0.0	0.0	0.014925373134328358	0.0	0.0	0.0	0.0	0.0	0.9701492537313433	0.0	0.0	0.0	0.0	0.0	0.0	0.0
Psammocora_stellata	0.0	0.06852248394004283	0.0	0.09635974304068523	0.0	0.0	0.0	0.0	0.0	0.0	0.0	0.0	0.0	0.8244111349036403	0.004282655246252677	0.006423982869379015	0.0	0.0	0.0	0.0	0.0
Sarcothelia_edmondsoni	0.0	0.0	0.0	0.0	0.0	0.0	0.0	0.0	0.0	0.0	0.0	0.0	0.0	1.0	0.0	0.0	0.0	0.0	0.0	0.0	0.0
Sinularia_densa	0.0	0.0	0.0	0.0	0.0	0.0	0.0	0.0	0.0	0.0	0.0	0.0	0.0	1.0	0.0	0.0	0.0	0.0	0.0	0.0	0.0
Sponge	0.0	0.0	0.0	0.0	0.0	0.0	0.0	0.0	0.0	0.0	0.0	0.0	0.0	1.0	0.0	0.0	0.0	0.0	0.0	0.0	0.0
Zoanthus/Palythoa_sp.	0.0	0.0	0.0	0.0	0.0	0.0	0.0	0.0	0.0	0.0	0.0	0.0	0.0	1.0	0.0	0.0	0.0	0.0	0.0	0.0	0.0
